11110110
11110010
00001010
00001100
00010111
00000101
00001100
00011001
11111111
00000010
00010100
00011011
00000110
00010101
00001011
00011010
00100101
00100011
00110001
00110000
00100110
00011000
00101110
00100111
00110010
00111011
00110111
00100111
00100001
00111010
00101101
00111001
00111111
01001000
00110011
00110000
01001010
01000010
01000100
01000001
00101101
01000010
01001011
00110110
00111100
01001000
00111110
00110110
00110111
00111011
00110100
00111111
01001101
01001110
00110000
01001101
00111111
00111111
00110111
01001110
00111100
00110011
00101101
01001010
00101010
00111001
00110011
00101111
01000100
00110101
00110010
01000010
00100001
00111001
00111000
00111000
00011110
00011001
00101111
00110100
00101010
00101100
00101010
00110010
00101100
00010011
00010100
00010100
00011000
00011000
00011111
00001110
00011011
00000101
00001001
00001011
00000110
11111110
11111000
11110101
00000010
00001000
11101011
11111011
11110111
00000110
11111100
11110011
11111101
11110010
11111000
11011110
11011110
11101110
11010111
11010100
11011001
11001101
11011010
11001011
11100001
11101000
11001110
11001010
11001101
11100000
11010110
11000011
11010101
11001001
11001000
11001011
10111101
11001011
11010100
11001010
11010110
11000111
10111000
11010100
10111111
10110101
11000100
10111000
11000000
10111111
11010000
10110011
10110101
10111001
11000100
10110010
11000101
11000100
11001011
10110111
11000000
10111101
10110111
10110001
11010001
11000001
10110111
11010101
11000010
10111001
11010101
10111010
10111110
10111011
11000111
11000100
11000001
11011001
11001111
11001101
11010010
11100000
11100110
11011110
11010000
11100010
11101100
11010110
11101101
11100001
11100100
11101010
11110011
11110011
11101010
11111110
11110100
11101111
11111111
11111100
11111111
00001011
00001100
00001010
11111000
00000011
00000100
11111000
00000100
00001100
00011001
00001011
00011000
00011110
00011011
00100000
00011110
00100001
00001010
00101010
00011111
00011111
00010010
00101011
00100101
00101101
00101111
00011111
00111010
00111010
00111100
00110001
00100100
00110000
01000101
00101010
00110100
00110000
00111000
01000110
00110111
00111001
01000110
00110111
00110010
01001111
00110001
01000011
01000010
00101101
00101101
01001001
01000111
00111001
00111101
01000110
01000110
00110101
01001011
01000110
01001010
00110000
00101111
01000110
01000001
00110010
00110001
00101011
00110101
01001000
01000111
00110011
00101101
00111011
00101100
00111100
00111011
00101101
00100110
00100010
00011010
00011111
00111001
00011110
00110000
00010111
00011110
00100100
00010011
00101000
00001111
00101010
00001110
00001100
00000101
00000111
00010100
00010100
00010110
00010000
00010000
00001011
00001000
11110010
00000011
11110100
11110101
00000001
11101010
11111111
11110100
11110011
11110011
11101000
11110011
11011101
11011100
11100110
11110001
11101101
11100011
11100111
11010111
11001111
11011011
11010010
11011010
11010110
11010001
11001010
11001100
11001100
11001100
11001100
11001000
11000011
10111011
11000100
10111111
11001101
11001100
11000101
11001100
11001011
11010010
11000001
11010001
10111011
10111111
11000001
11000110
10111100
11000011
11010001
10110011
11000110
10111010
11000001
11000001
11001100
10110000
10111001
11000111
11000100
11010001
10111011
11010101
10111100
11010010
11001101
11000110
11010100
10111001
10111111
11010011
11010100
11001100
11010010
11011010
11100100
11011011
11001101
11100000
11001101
11001000
11011011
11001110
11010011
11101111
11101100
11101101
11100100
11010111
11101101
11101100
11011110
11110001
11101110
11101001
11110001
11111100
11111111
00000011
11111111
11111000
00001101
11111111
00001100
00000001
11111000
11111110
00001110
00011001
00001000
00000100
00000110
00001011
00100001
00010100
00001101
00011110
00011111
00100010
00100010
00011001
00011111
00110100
00110001
00101110
00110011
00101000
00100000
01000010
00110100
00100010
01000001
00100101
00110010
00110111
00111011
01000010
01000001
00111100
00101011
00101111
01001110
00110011
00111001
01000010
01000011
00110010
01000001
01001111
00111010
01001011
01010000
00110111
00110110
00111100
01001010
01001100
00110101
01000111
01000100
00111011
00110011
01000001
00101101
00101111
00101011
00111001
00100101
00101010
00111000
00110001
00100011
00110111
00101011
00111010
00011111
00111100
00011001
00011010
00100111
00101111
00110011
00011001
00011011
00101000
00011101
00100100
00011111
00011101
00011110
00000011
00001000
00000110
00010000
00010001
00001110
00000011
11111100
11111010
00000111
11110100
00000110
11101111
11101010
11111101
11101000
00000011
11110001
11110100
11111100
11011011
11101101
11110000
11100110
11010101
11100000
11100001
11101001
11001110
11011010
11101011
11010111
11010001
11010011
11011100
11001000
11000101
11001011
11011110
11011101
11000011
10111011
10111100
11001001
10111011
11000111
10111000
11010001
10111111
11000001
10111101
11001010
11000100
11001110
11001010
11001100
11000111
10111100
11001111
11000011
10111011
11000001
10111110
10111100
10110111
10110010
10111110
11000000
10111010
10110100
10111001
11001110
11000101
11001011
11010010
10111101
11001111
11000000
11000101
10111100
11001010
11000100
11011001
11001111
10111111
11001010
11011001
11010011
11001100
11101001
11001101
11100110
11101101
11010011
11100100
11010011
11011111
11011111
11101000
11110101
11111000
11110110
11101010
11111100
11111000
11100101
11100111
11101101
00000101
11101110
00000000
00010001
11111010
11111011
11111001
00010001
00010011
00001101
00000111
00011001
00001111
00001011
00001110
00010111
00011010
00101001
00101111
00011110
00010001
00100100
00010101
00110000
00101100
00110101
00100101
00100011
00101111
00101101
00101101
01000011
01000100
01000001
01000010
00110000
00101011
01001010
00111110
00111001
01001010
01000010
01000111
00111110
01000000
00110010
01001110
01001010
00110011
00101111
00111010
00110010
00110001
01000000
00101111
01000001
01001100
00111111
01000101
01000110
01000100
00101100
00110010
01000010
00110110
00101011
00101101
01000111
00101110
00110010
00111001
00101001
00100011
00111001
00111010
00110111
00011111
00110000
00111010
00111001
00100110
00100111
00110001
00110010
00100101
00101000
00011111
00011100
00001111
00101010
00011010
00001101
00010100
00011000
00010101
11111111
00001101
00001101
00001101
00000101
00000110
00000101
11111101
11110001
11111100
00000010
11100111
11100110
11110100
11101011
11011111
11100101
11011110
11100110
11101010
11101010
11101000
11110010
11101010
11011111
11011101
11100001
11100001
11010101
11010110
11010100
11011011
11010011
11001001
11010011
11000110
11010100
11001101
11011010
11000000
11000101
11001011
11010000
11010100
11001011
11001111
11000100
10111001
10110101
11010000
10111000
11000110
10101111
11001111
10111000
11001100
10111000
11001111
11000000
10110010
10111101
11000111
10111110
10110011
11001010
10110011
11000000
10111101
10111100
11001101
10111111
11000000
10110111
11001010
11001000
10111111
10111101
11011100
11011010
11001110
11001011
11011100
11000110
11001000
11000110
11001010
11010111
11010110
11101001
11011011
11011100
11100110
11011100
11010101
11110001
11110110
11111001
11111010
11110111
11100100
11110100
11100011
00000000
11111000
00000110
11110100
00001011
00000011
11111110
00001111
00000110
00010111
00000111
00001110
00010110
00011101
00001100
00001000
00011110
00011111
00100110
00001100
00100100
00101100
00011011
00010011
00011000
00100010
00011000
00101110
00101100
00110110
00111010
00111000
00110100
00111111
00111111
00110011
00100111
00110001
00110010
00111110
00101011
00101010
00101110
00111010
01000011
00110011
00111001
01001110
01000010
01000101
01001101
00111010
01001100
01001010
00111101
00110000
00111111
00111111
00111101
00111111
01000111
01001110
00110111
00110001
00101111
00101110
01001100
00111000
00110001
01001010
01000100
00101101
00101010
00101011
00101111
00110110
00110000
00110100
00101101
00101010
00101001
00101111
00100111
00011100
00101101
00110111
00101010
00011110
00101100
00101010
00100111
00010110
00001000
00010110
00011010
00011000
00010110
00011010
00001001
00000110
00000110
00000010
00001100
11110111
11111010
00000101
00001010
11110101
11101101
11111011
11100100
00000010
11101101
11110000
11101000
11100011
11100010
11110100
11011001
11101001
11010011
11011111
11011011
11010001
11100101
11100000
11000111
11100001
11010111
11001100
11001111
11001011
11010000
11010110
11011001
11000010
11001001
11000101
10111001
10111000
10111100
11001000
11010000
11000001
11001111
10111011
10110111
10111100
11010000
11000100
10111100
10111111
11000100
11001111
10111100
10110000
10111110
11000011
11001001
11001101
10110011
10110011
11000111
11001101
11000101
11001000
11010100
10110011
11010100
10111011
11010111
11001000
11000001
11010001
11001110
11011000
11011001
11010100
11011000
11010110
11001101
11010101
11011011
11010000
11100101
11011000
11101010
11010101
11101111
11010011
11011111
11110000
11110110
11100010
11101011
11101101
11111001
11111111
11110111
11101010
00000101
11111011
11101100
11110011
00001011
11110101
