0000000000000000000000000
0000000000000000000000000
0000000000000000000000000
0000000000000000000000000
0000000000000011100001000
0000000000000101101000000
1111111111111110010000000
1111111111111100111101000
1111111111111000001010100
1111111111111100101101000
1111111111111001100001100
1111111111110011111101100
1111111111111011001010000
1111111111111001111000000
1111111111110011011001100
1111111111101111101110000
1111111111110101011011000
1111111111110000001010100
1111111111110010111000100
1111111111101101111110100
1111111111101001111011100
1111111111101001110100000
1111111111100100111100100
1111111111100100111011100
1111111111101000011001000
1111111111101111001100000
1111111111101011011100000
1111111111110001000010100
1111111111110010000011100
1111111111110100011001000
1111111111111011101011100
0000000000001000110000100
0000000000010101000100000
0000000000011000101010100
0000000000101001110110000
0000000000110100010001000
0000000001000001101001000
0000000001001111011100100
0000000001101000111001000
0000000001111110101010100
0000000010001100001010100
0000000010100101111010000
0000000010111101110111000
0000000011011000100101000
0000000011111010101011000
0000000100010001010110000
0000000100101011111010100
0000000101010001000110000
0000000101101111010010000
0000000110001011100110000
0000000110101111010101100
0000000111010011011001100
0000000111110101000001100
0000001000010101000110000
0000001000111001100111100
0000001001010111100110000
0000001001110010111110100
0000001010010001011110100
0000001010111001101111100
0000001011001110011001000
0000001011101111010100000
0000001100001011000000100
0000001100101000011010000
0000001100111010000010100
0000001101010111001100000
0000001101110001001011100
0000001110001000110010100
0000001110010101110110100
0000001110110011101101000
0000001110111000100001100
0000001111001010010111100
0000001111011000000111100
0000001111100101000110000
0000001111110010110010000
0000001111111010100111000
0000010000000110011101000
0000010000010111100010100
0000010000010001000010100
0000010000010101000010100
0000010000011111000110000
0000010000100101111100000
0000010000101110000110000
0000010000100100011010000
0000010000100000001111000
0000010000100100010100000
0000010000011110010001100
0000010000011110001100000
0000010000011011101101100
0000010000011100111101100
0000010000011001001010100
0000010000010110110010000
0000010000001110001111000
0000010000000100100011000
0000001111111111010111000
0000001111111001111110000
0000001111110110111110100
0000001111100000111111100
0000001111100010011101000
0000001111010010110100000
0000001111000101101000100
0000001110111001001001000
0000001110110101101011000
0000001110101011000101000
0000001110010110101110100
0000001110000110101100000
0000001101110100000011000
0000001101101100111001100
0000001101011100001000000
0000001101000010100100000
0000001100100110010101100
0000001100011001111000000
0000001100000011010001000
0000001011100011001111000
0000001011010000110111000
0000001010110110011000100
0000001010100010011111000
0000001010000100101110000
0000001001100100100000000
0000001001001010100101000
0000001000101010000011000
0000001000001010001111000
0000000111111000011111100
0000000111001010111001000
0000000110110100010001000
0000000110001011011000000
0000000101101000001110100
0000000101000110011001000
0000000100101010101111100
0000000100001000101110100
0000000011011111101101000
0000000010110100010001100
0000000010100000000100000
0000000001101111111100100
0000000001010000010001000
0000000000101100100001000
0000000000000000010101100
1111111111100101100011100
1111111110111101010001000
1111111110010000000100100
1111111101111000100101000
1111111101000111111010000
1111111100101000010111100
1111111100001001100001100
1111111011100100101010100
1111111011001000101000100
1111111010100001111000100
1111111001111010000000100
1111111001100000001110000
1111111000111100111001000
1111111000011110001011100
1111110111110110100111100
1111110111100011100000000
1111110111001101101001100
1111110110101110011011100
1111110110001101110100100
1111110101110111001101100
1111110101010110110101000
1111110100111011001111100
1111110100100101000111100
1111110100001111010101000
1111110011111100011100100
1111110011100101101111000
1111110011010001110010000
1111110011000001010101100
1111110010100101101010100
1111110010011001010000000
1111110010001010101011000
1111110001101011001000000
1111110001011110101101100
1111110001011011011011000
1111110000111101011110100
1111110000111000110111000
1111110000100110010011100
1111110000011111010110100
1111110000010010001111000
1111110000000101000111000
1111101111111111111101000
1111101111101011101100100
1111101111101100011000000
1111101111100011010001000
1111101111010011101010000
1111101111001101110101100
1111101111000011110011100
1111101110111101000001000
1111101110111110111001000
1111101110101111111101100
1111101110101101100001000
1111101110101010111010100
1111101110100000101111100
1111101110101101010011100
1111101110101110100100100
1111101110101110010001100
1111101110101001101001000
1111101110110010011011000
1111101111000010011101100
1111101110111110001001000
1111101111001110110001100
1111101111011100110011000
1111101111100011100001000
1111101111110110010111100
1111110000000001100101100
1111110000001100110101000
1111110000100010011100000
1111110000110011110011100
1111110001010101100111100
1111110001101110100010100
1111110001111110110010000
1111110010100101010011000
1111110011000001000110000
1111110011010110101101100
1111110011110100100101100
1111110100010101100011000
1111110100110010010111100
1111110101001100001001000
1111110101111000000001100
1111110110010111000001000
1111110110111000010110100
1111110111010110111011000
1111111000001000101011100
1111111000011100001111000
1111111001000100010001100
1111111001100111101010000
1111111010010111001010000
1111111010110000001101000
1111111011010111010000000
1111111011111010000011100
1111111100011101011011000
1111111100111011100100000
1111111101011011111000100
1111111110000000011000000
1111111110010111010011100
1111111111000010011100000
1111111111101010101110100
1111111111111111001111000
0000000000100001101000000
0000000001001000000100100
0000000001100101100000100
0000000010000010011011100
0000000010100000010110100
0000000010111011100101100
0000000011010111101111100
0000000011111001010100000
0000000100010100100110100
0000000100110110010110100
0000000101010010100010000
0000000101100110101100100
0000000110010001001000000
0000000110101101010110100
0000000111000100110101000
0000000111100110100011000
0000001000001011100001000
0000001000010111111001000
0000001000110111110010000
0000001001010110100110100
0000001001101110100001100
0000001010000010111011000
0000001010011101001111000
0000001010111110101000000
0000001011001001001010000
0000001011100101010001100
0000001011111011110110000
0000001100010100101110100
0000001100101100000000000
0000001100111000100110100
0000001101001010000011100
0000001101100001111011100
0000001101110101101100100
0000001110001110111111000
0000001110011000000100000
0000001110100000001101100
0000001110110000110001100
0000001110111111011101100
0000001111001010111100000
0000001111001110010101100
0000001111100010100100100
0000001111100010111010000
0000001111101001011000100
0000001111110111000101100
0000001111111111100100000
0000010000001000001100100
0000010000001111101110000
0000010000011010001110000
0000010000001011000111100
0000010000011001001110100
0000010000010100011011100
0000010000100000010101100
0000010000010101100001000
0000010000010100010101100
0000010000010101001011000
0000010000001010001001000
0000010000010010100100000
0000001111111011101011100
0000001111111101111000000
0000001111110111001101000
0000001111110100101101000
0000001111101110101011000
0000001111011011100000000
0000001111000111110111100
0000001111000001100001000
0000001110110000111011000
0000001110100001010100100
0000001110001110101100000
0000001101111001101001100
0000001101110011001011100
0000001101011001100000000
0000001101000110001011100
0000001100110110001001000
0000001100011101000110000
0000001100000100110011000
0000001011110000010111000
0000001011010101101110000
0000001010111101011101100
0000001010101010010110000
0000001010010010111010100
0000001001101011111011100
0000001001011001101001100
0000001001000100001101100
0000001000100100110111000
0000001000000010011100100
0000000111100110111101000
0000000111010001111100000
0000000110101100010001100
0000000110010101110000000
0000000101111010010111000
0000000101100000111010100
0000000101000100100001000
0000000100011100000101100
0000000100000000001001000
0000000011100110101000100
0000000011001001000010000
0000000010101010001011100
0000000010000110010111100
0000000001100000110011100
0000000001000001111011100
0000000000101000101010000
0000000000001011000010100
1111111111101000011000000
1111111111001001011100100
1111111110100100110000100
1111111101111111100110100
1111111101100001111111000
1111111101000011011000100
1111111100011110110011100
1111111011111101101001000
1111111011010101110110100
1111111010110000011101000
1111111010010001011001100
1111111001110000010010100
1111111001010101011010000
1111111000110000111010100
1111111000001100010011000
1111110111110100011010100
1111110111001011111100000
1111110110110000000100000
1111110110010010111100100
1111110101111000111111100
1111110101100000010000000
1111110101000100010010000
1111110100101001000011100
1111110100000111101001100
1111110011111001001001100
1111110011100000110001100
1111110011001001010011000
1111110010110101111010000
1111110010100000000010000
1111110010010101101000100
1111110010000010001110100
1111110001110100000011000
1111110001100010011110000
1111110001010100100110000
1111110001000101111101100
1111110000111100010101000
1111110000110011100111100
1111110000101100011000000
1111110000011101110111100
1111110000010101010001100
1111110000010011110001100
1111110000000111110110000
1111110000000110000011000
1111101111111100100100000
1111101111110110111010000
1111101111110100111111000
1111101111101110001111100
1111101111110110011111000
1111101111110110110010000
1111101111110110100101100
1111101111111101110101100
1111101111111010010110100
1111101111110110110000000
1111101111110111100100000
1111101111111100001100000
1111110000000101000000100
1111110000010001001001000
1111110000010000100001000
1111110000011000110101100
1111110000100101110000100
1111110000101001110100000
1111110000110110110011100
1111110001000101001101100
1111110001010001011100000
1111110001010111101001100
1111110001100101110100100
1111110001101110010111000
1111110001111111100001100
1111110010010100101000100
1111110010011101001100100
1111110010110100000001000
1111110011000000101010100
1111110011011100111111000
1111110011101111100001100
1111110100001010100010100
1111110100011001011000000
1111110100101010100110100
1111110101000100111011000
1111110101100001010101000
1111110101110111011110100
1111110110001011110101100
1111110110100111111001100
1111110110111111100001000
1111110111100000110111000
1111110111110101000100000
1111111000010000100011000
1111111000101000111111100
1111111001001110010101000
1111111001101010111100000
1111111010000011000001000
1111111010011011110111000
1111111010110110100010000
1111111011011101000001000
1111111011110001111000000
1111111100011100011011100
1111111100111000010010000
1111111101001111001100100
1111111101110100111110000
1111111110010110010000000
1111111110110100011100100
1111111111011010110101100
1111111111110001001010000
0000000000010000000101100
0000000000110001100100000
0000000001001101011110100
0000000001101011100111100
0000000010001011000000100
0000000010110100111001000
0000000011011001110010100
0000000011101010000001100
0000000100011000100110000
0000000100111000101011000
0000000101001111110001100
0000000101110010110110000
0000000110010110100000000
0000000110101001101000100
0000000111000110011000100
0000000111101100110011100
0000001000001001100101100
0000001000101000111111000
0000001001000111100000000
0000001001100110100001100
0000001010000110001001100
0000001010010111110001100
0000001010110011011000100
0000001011010110011101100
0000001011100111110101000
0000001011111110101111100
0000001100011001100101100
0000001100110011010100000
0000001101000111010011100
0000001101100101111011000
0000001101110100101111000
0000001110001111100000100
0000001110011010001011000
0000001110110110101111100
0000001111001000110111000
0000001111010001011000100
0000001111011101001011100
0000001111101100101101100
0000001111110111110010100
0000010000000111001100000
0000010000001010001101100
0000010000011000110101000
0000010000001111011001100
0000010000100100110001000
0000010000101011000011100
0000010000100100101001100
0000010000100010110010100
0000010000100000000010100
0000010000100110010101000
0000010000100101011010100
0000010000011010001011100
0000010000010001111010000
0000010000001001010000100
0000010000000011001101100
0000001111111000011101000
0000001111110000001001000
0000001111101110011000100
0000001111010110010111000
0000001111001110111010100
0000001111000010011100000
0000001110101000000111100
0000001110100001111110100
0000001110001111100100100
0000001101111110111001100
0000001101101101110001000
0000001101010110001111100
0000001101001010011011100
0000001100110011011100100
0000001100101100101010100
0000001100011000110100100
0000001011110101001110000
0000001011110000001000000
0000001011010000000001000
0000001010111100100010000
0000001010100100101001100
0000001010001111010000100
0000001001111101000000100
0000001001011010110011000
0000001001000111100000000
0000001000101011000010100
0000001000010100111011100
0000000111111110000100100
0000000111100001001100100
0000000110111110001101000
0000000110100100011000100
0000000110000001101000000
0000000101100011111110100
0000000101000011001110000
0000000100100101001110100
0000000100000110000110100
0000000011100011010000000
0000000011000001111111100
0000000010100110111011000
0000000010000001000011000
0000000001011000010100000
0000000000101111001111000
0000000000011001110011000
1111111111110111101010000
1111111111010001001011100
1111111110101100111100100
1111111110010011110111000
1111111101101000001110100
1111111101001111111011100
1111111100100010001101100
1111111100001111100010100
1111111011100101011010000
1111111011010001011011000
1111111010101011110010000
1111111010001001001001000
1111111001100100001011100
1111111001000100101110000
1111111000101100010011100
1111111000001101011111100
1111110111101110100110000
1111110111001110000110100
1111110110110001100111100
1111110110011001000001100
1111110101111011011110100
1111110101100000111110000
1111110101001110011000000
1111110100110011011001000
1111110100011100100011100
1111110011111101100110100
1111110011100101011001000
1111110011010001111100100
1111110011000010100111000
1111110010101111100011000
1111110010010101001010000
1111110010000000100100000
1111110001110011011101100
1111110001011010010101100
1111110001011000010110100
1111110001000100101010100
1111110000110101101010000
1111110000101110100101100
1111110000011110000101100
1111110000010101101001000
1111110000001101100001100
1111101111111011110001100
1111110000000000011001000
1111101111110111111110100
1111101111101101111101000
1111101111100110011001100
1111101111100111011111100
1111101111100000111100100
1111101111010010110111000
1111101111010101101000100
1111101111010011011100100
1111101111001001011110000
1111101111001011001111000
1111101111001100001010000
1111101111010011111011000
1111101111010000100110100
1111101111010000111000000
1111101111010111100000100
1111101111010111010101100
1111101111011000011111000
1111101111011001100100000
1111101111100110000000000
1111101111110001011001000
1111101111111101110111000
1111110000001110011010000
1111110000010111011001000
1111110000101000111111000
1111110000101101010010000
1111110001001010101101000
1111110001001111111011000
1111110001100011110011100
1111110001111111001010100
1111110010010110110110000
1111110010101011100110000
1111110010111111001000100
1111110011010100100111000
1111110011110010011000000
1111110100001111010110100
1111110100100111010010100
1111110101001001101100100
1111110101100001101111100
1111110110000011000110100
1111110110100000000111000
1111110110111010110011100
1111110111010100011101000
1111110111110000001011000
1111111000010100010101000
1111111000111000100001000
1111111001001101100010000
1111111001110001110100000
1111111010001010100111100
1111111010101100000011100
1111111011000110001100100
1111111011100101010011000
1111111100001001111001100
1111111100100101010011000
1111111101000101000101100
1111111101101101000010000
1111111110000000100100100
1111111110100101010001000
1111111111000011111011000
1111111111100110010101100
0000000000001000101010000
0000000000101110001000100
0000000000111111101010100
0000000001101000101100100
0000000010010000110011000
0000000010101001011001100
0000000011001000100101100
0000000011101011011100100
0000000100010011011000000
0000000100101100101011100
0000000101011101010100000
0000000101101111111010100
0000000110010001111111100
0000000111000100100100100
0000000111100011110110100
0000001000001000101010100
0000001000101010001011000
0000001001001101000011100
0000001001100111010001000
0000001010001010100010000
0000001010100101011011100
0000001011000001111010100
0000001011100111101111100
0000001011111101001000100
0000001100011010000000100
0000001100111010000001100
0000001101011001100101100
0000001101101101011100000
0000001101110111001000100
0000001110010111001110100
0000001110101001010101100
0000001110110110100000100
0000001111000110010010000
0000001111011100000101100
0000001111101000100111100
0000001111101010000111100
0000001111111001101001000
0000010000000111101101100
0000010000001010000101100
0000010000001001010100100
0000010000010001100010100
0000010000011100111000100
0000010000010111111100000
0000010000010001110101000
0000010000001111101111100
0000010000001110111000000
0000010000001011000010100
0000010000001010001011100
0000010000001000000001000
0000001111111111100010000
0000001111111100111101000
0000001111110000111101000
0000001111101100101110100
0000001111101000001111100
0000001111011101011110000
0000001111011010101000100
0000001111010010101011100
0000001111001001001000000
0000001110111111001110000
0000001110110001001101000
0000001110110000001010000
0000001110100100011111000
0000001110011011001000000
0000001110010110101001100
0000001110001110110111100
0000001101111001100010000
0000001101110010000111100
0000001101101001001110100
0000001101011010110100000
0000001101001100110101100
0000001100111001111100000
0000001100110101010001100
0000001100100100011110000
0000001100010001111110100
0000001011111000101011100
0000001011101010101001000
0000001011011010011000100
0000001011000101110100100
0000001010100111001011100
0000001010001101111000100
0000001001110001101001000
0000001001010000000000000
0000001000110011010001000
0000001000001111010100000
0000000111101110111001100
0000000111010010011011000
0000000110101100100100000
0000000110001000001101000
0000000101100111111110000
0000000101001001011101100
0000000100100001001110000
0000000011110010110111100
0000000011010001111101100
0000000010110000110011100
0000000010000101010100000
0000000001011010011000000
0000000000110111011001000
0000000000010001010100000
1111111111100100011111100
1111111111001011101011000
1111111110100110110101100
1111111101111010000000000
1111111101010101001110000
1111111100110001110101100
1111111100011001011100000
1111111011110001011011100
1111111011010010001110100
1111111010110111110101000
1111111010100001111110000
1111111001111100000101100
1111111001100100001111100
1111111001000100011011100
1111111000110101110000100
1111111000010000110100100
1111111000000001000110100
1111110111100010000000000
1111110111010011001101100
1111110110101011001101100
1111110110011101011000100
1111110110001110010101100
1111110101110010001100000
1111110101010111011010100
1111110101000101010101100
1111110100111010000000100
1111110100011001000001100
1111110100001011001010000
1111110011110011010011100
1111110011100010110000000
1111110011001111010110100
1111110010110110101001100
1111110010101010011110000
1111110010011010100011000
1111110010001000001010000
1111110001101111000101100
1111110001100110100000100
1111110001011000010011000
1111110001000100111010100
1111110000101110001011000
1111110000100010010010000
1111110000010100111011100
1111110000001010100011000
1111101111110101101011000
1111101111110000001010000
1111101111100110010011100
1111101111011111110100100
1111101111010100111011100
1111101111001101110010000
1111101111001011100110100
1111101111000001000110100
1111101111000000001001000
1111101110111101010010000
1111101110111011110011100
1111101110111110011111100
1111101111000010101110000
1111101110111001101100000
1111101110111101001101100
1111101111000010110100000
1111101111000100001111100
1111101111001110101011100
1111101111011000110111000
1111101111100000101101000
1111101111101110010101000
1111101111111001110101100
1111110000001000101011100
1111110000010001001110100
1111110000100110110101100
1111110000110000110100100
1111110001001001111100100
1111110001011111011010000
1111110001110011111111000
1111110010010000010111100
1111110010100011100100100
1111110010111001010010100
1111110011011001110000100
1111110011101110001010100
1111110100001111011000100
1111110100100111110110000
1111110101010000100100100
1111110101100011011110100
1111110110001001101000000
1111110110100001000101000
1111110111010001001101000
1111110111110000001111000
1111111000001100011111000
1111111000110010001100100
1111111001011100100100000
1111111010000011010000000
1111111010011101110110000
1111111011001101111010000
1111111011100111110101100
1111111100001101111100100
1111111100101111011011000
1111111101001100110100100
1111111101110101010110100
1111111110011001101101100
1111111110111011101000100
1111111111010111001100100
1111111111111110011101000
0000000000101000000100100
0000000001000111101001000
0000000001011111101101100
0000000001111111000100000
0000000010101010110101100
0000000011001101000110100
0000000011100111110000100
0000000100001011001111100
0000000100100110100010000
0000000101001001101100100
0000000101100100110101100
0000000101110111010001000
0000000110011000110100000
0000000110101110110010100
0000000111001100111011100
0000000111101101111110100
0000001000000000111101000
0000001000011111001001100
0000001000111110110011000
0000001001010100110010100
0000001001101001111011000
0000001010000011010000100
0000001010011101101001100
0000001010110110110001100
0000001011010001011010100
0000001011100000010000000
0000001100000010100000000
0000001100010001010000000
0000001100101011100001100
0000001100111101110010000
0000001101001110001110100
0000001101100000100001100
0000001101111000110001000
0000001110000100100000000
0000001110010001011101000
0000001110101100001010100
0000001110111000011011100
0000001111001100110011100
0000001111010111100111100
0000001111100000100100100
0000001111101100000110000
0000001111111010100100000
0000010000000111001001000
0000010000001001011111000
0000010000010001010001000
0000010000010011110000000
0000010000100010110001100
0000010000100010010000100
0000010000011101011000100
0000010000011111111100000
0000010000100100011010000
0000010000100100000011000
0000010000011000101101000
0000010000010111001111000
0000010000001010111011000
0000010000001010110011000
0000010000000110000101000
0000001111111001110011100
0000001111110000100011100
0000001111101000011101100
0000001111011011001110000
0000001111001110001110100
0000001111001010011000000
0000001111000001001011000
0000001110101111110100000
0000001110100010011001000
0000001110001011111011100
0000001110001000100111100
0000001101110111101001100
0000001101100001010111100
0000001101001001100101000
0000001100111011100001000
0000001100110001010010100
0000001100010111111011000
0000001100000101111111100
0000001011101100101100000
0000001011011101011001000
0000001011000100011010100
0000001010110110101000000
0000001010011011001000000
0000001010000100100001000
0000001001101001011001000
0000001001011010010010100
0000001000110011101001100
0000001000011110101101000
0000000111111110001101100
0000000111011111111100000
0000000111000001110001000
0000000110011001100010100
0000000110000000100011000
0000000101100111101000100
0000000100111011110101100
0000000100011010110000000
0000000011110000011100000
0000000011010001111001100
0000000010101111111111000
0000000010000001110110000
0000000001011100101101000
0000000000111011111010100
0000000000011100101001000
1111111111110100001010100
1111111111001101111100100
1111111110101010011111100
1111111110001000110010100
1111111101100010000100000
1111111100111100011010000
1111111100010110100100000
1111111011110111011011000
1111111011001101100110100
1111111010110011111010000
1111111010010110110010100
1111111001101111001001000
1111111001000101101011100
1111111000101101100110100
1111111000010100011001100
1111110111110000100010000
1111110111010001111000000
1111110110110001111101100
1111110110011111101110000
1111110110001011001011100
1111110101100110101001100
1111110101001001001110100
1111110100101101010011000
1111110100010011010100000
1111110100000010001000000
1111110011110000100010100
1111110011010100000101100
1111110010111011101000000
1111110010101001010010000
1111110010010000101011100
1111110001111110101001000
1111110001110101101001000
1111110001010110101011100
1111110001001101000010100
1111110000111011001110000
1111110000110011100111100
1111110000100011110000000
1111110000011001110001100
1111110000000101111010000
1111101111111111100011100
1111101111110100100111100
1111101111110000011001000
1111101111101001001111000
1111101111100100010001000
1111101111011101000001000
1111101111100000011101000
1111101111010111001000000
1111101111100000100110100
1111101111010110011010000
1111101111011101011101000
1111101111011100001100100
1111101111100000010011100
1111101111011111000101100
1111101111110101110001100
1111101111110001010001100
1111101111110111010100000
1111110000000000110111000
1111110000001111101101100
1111110000011000110100000
1111110000100010010000000
1111110000101001011000000
1111110000110011101000000
1111110001001010110010100
1111110001011011100010100
1111110001100011100100100
